0.445822994210091
0.44747725392886684
0.456575682382134
0.4416873449131513
0.4383788254755997
0.43672456575682383
0.43672456575682383
0.45078577336641856
0.4549214226633581
0.4334160463192721
0.44251447477253925
0.40777502067824645
0.44747725392886684
0.4441687344913151
0.4598842018196857
0.44003308519437556
0.43755169561621177
0.43920595533498763
0.4358974358974359
0.45905707196029777
0.4441687344913151
0.445822994210091
0.45326716294458225
0.44499586435070304
0.4433416046319272
0.4226633581472291
0.43755169561621177
0.4301075268817204
0.4491315136476427
0.47725392886683204
0.43755169561621177
0.45574855252274604
0.45326716294458225
0.4491315136476427
0.4491315136476427
0.4549214226633581
0.4334160463192721
0.43672456575682383
0.45905707196029777
0.4549214226633581
0.43424317617866004
0.44251447477253925
0.4383788254755997
0.445822994210091
0.4416873449131513
0.45905707196029777
0.44499586435070304
0.45574855252274604
0.445822994210091
0.456575682382134
0.4383788254755997
0.4416873449131513
0.4598842018196857
0.4598842018196857
0.4631927212572374
0.43920595533498763
0.4251447477253929
0.4325889164598842
0.45905707196029777
0.4681555004135649
0.45078577336641856
0.45078577336641856
0.4491315136476427
0.44830438378825477
0.4408602150537635
0.4524400330851944
0.4524400330851944
0.46980976013234077
0.4408602150537635
0.445822994210091
0.4325889164598842
0.4466501240694789
0.46071133167907363
0.46071133167907363
0.42597187758478083
0.4466501240694789
0.43755169561621177
0.4358974358974359
0.4706368899917287
0.43755169561621177
0.43755169561621177
0.43672456575682383
0.4540942928039702
0.4491315136476427
0.44995864350703063
0.42679900744416877
0.4441687344913151
0.4516129032258065
0.43920595533498763
0.4433416046319272
0.44251447477253925
0.4325889164598842
0.4441687344913151
0.43672456575682383
0.4623655913978495
0.4441687344913151
0.43424317617866004
0.4251447477253929
0.43920595533498763
0.4516129032258065
